Ates, Florida - Station Codes

Station   Latitude   Longitude   Bouguer
   564    30 48.32    86 52.28     65.57
   643    30 48.50    86 57.10     67.45
   644    30 48.13    86 57.16     67.36
   645    30 48.40    86 56.00     67.03
   648    30 48.24    86 55.75     66.71
   649    30 48.16    86 55.24     66.28
   650    30 48.15    86 54.59     66.01
   702    30 48.44    87  3.87     71.62
   711    30 48.48    87  0.54     69.43
   714    30 48.35    87  0.28     69.35
   793    30 48.43    87  7.25     73.58
   794    30 48.42    87  6.82     73.40
   795    30 48.40    87  6.50     73.15
   796    30 48.40    87  5.86     72.97
   959    30 48.19    87  5.50     72.62
   975    30 46.70    87  7.04     73.56
   980    30 45.98    87  7.19     73.02
  1002    30 45.71    87  7.31     73.85
  1003    30 45.21    87  7.21     73.73
  1004    30 45.00    87  6.95     73.42
  1008    30 44.54    87  6.23     73.15
Ates, Florida - Bouguer Values

Station   Latitude   Longitude   Bouguer
   564    30 48.32    86 52.28     65.57
   643    30 48.50    86 57.10     67.45
   644    30 48.13    86 57.16     67.36
   645    30 48.40    86 56.00     67.03
   648    30 48.24    86 55.75     66.71
   649    30 48.16    86 55.24     66.28
   650    30 48.15    86 54.59     66.01
   702    30 48.44    87  3.87     71.62
   711    30 48.48    87  0.54     69.43
   714    30 48.35    87  0.28     69.35
   793    30 48.43    87  7.25     73.58
   794    30 48.42    87  6.82     73.40
   795    30 48.40    87  6.50     73.15
   796    30 48.40    87  5.86     72.97
   959    30 48.19    87  5.50     72.62
   975    30 46.70    87  7.04     73.56
   980    30 45.98    87  7.19     73.02
  1002    30 45.71    87  7.31     73.85
  1003    30 45.21    87  7.21     73.73
  1004    30 45.00    87  6.95     73.42
  1008    30 44.54    87  6.23     73.15
Ates, Florida - Degree 9 Fit of Bouguer Values

Station   Latitude   Longitude   Bouguer     Fit     Residual
   564    30 48.32    86 52.28     65.57     65.66     -0.09
   643    30 48.50    86 57.10     67.45     67.87     -0.42
   644    30 48.13    86 57.16     67.36     67.63     -0.27
   645    30 48.40    86 56.00     67.03     66.86      0.17
   648    30 48.24    86 55.75     66.71     66.58      0.13
   649    30 48.16    86 55.24     66.28     66.15      0.13
   650    30 48.15    86 54.59     66.01     65.71      0.30
   702    30 48.44    87  3.87     71.62     71.60      0.02
   711    30 48.48    87  0.54     69.43     69.60     -0.17
   714    30 48.35    87  0.28     69.35     69.28      0.07
   793    30 48.43    87  7.25     73.58     73.50      0.08
   794    30 48.42    87  6.82     73.40     73.42     -0.02
   795    30 48.40    87  6.50     73.15     73.31     -0.16
   796    30 48.40    87  5.86     72.97     73.01     -0.04
   959    30 48.19    87  5.50     72.62     72.66     -0.04
   975    30 46.70    87  7.04     73.56     73.42      0.14
   980    30 45.98    87  7.19     73.02     73.48     -0.46
  1002    30 45.71    87  7.31     73.85     73.50      0.35
  1003    30 45.21    87  7.21     73.73     73.57      0.16
  1004    30 45.00    87  6.95     73.42     73.53     -0.11
  1008    30 44.54    87  6.23     73.15     73.17     -0.02
Ates, Florida - Degree 3 Fit Residual of Bouguer Values

Station   Latitude   Longitude   Bouguer     Fit     Residual
   564    30 48.32    86 52.28     65.57     65.30      0.27
   643    30 48.50    86 57.10     67.45     66.99      0.46
   644    30 48.13    86 57.16     67.36     67.00      0.36
   645    30 48.40    86 56.00     67.03     66.39      0.64
   648    30 48.24    86 55.75     66.71     66.25      0.46
   649    30 48.16    86 55.24     66.28     66.00      0.28
   650    30 48.15    86 54.59     66.01     65.74      0.27
   702    30 48.44    87  3.87     71.62     71.45      0.17
   711    30 48.48    87  0.54     69.43     69.25      0.18
   714    30 48.35    87  0.28     69.35     69.08      0.27
   793    30 48.43    87  7.25     73.58     72.93      0.65
   794    30 48.42    87  6.82     73.40     72.82      0.58
   795    30 48.40    87  6.50     73.15     72.73      0.42
   796    30 48.40    87  5.86     72.97     72.48      0.49
   959    30 48.19    87  5.50     72.62     72.44      0.18
   975    30 46.70    87  7.04     73.56     73.76     -0.20
   980    30 45.98    87  7.19     73.02     73.99     -0.97
  1002    30 45.71    87  7.31     73.85     74.08     -0.23
  1003    30 45.21    87  7.21     73.73     74.04     -0.31
  1004    30 45.00    87  6.95     73.42     73.88     -0.46
  1008    30 44.54    87  6.23     73.15     73.35     -0.20
