data_type = CODE
Ates, Florida
    0   564  86.8713  30.8053  65.57
    1   643  86.9517  30.8083  67.45
    2   644  86.9527  30.8022  67.36
    3   645  86.9333  30.8067  67.03
    4   648  86.9292  30.804  66.71
    5   649  86.9207  30.8027  66.28
    6   650  86.9098  30.8025  66.01
    7   702  87.0645  30.8073  71.62
    8   711  87.009  30.808  69.43
    9   714  87.0047  30.8058  69.35
   10   793  87.1208  30.8072  73.58
   11   794  87.1137  30.807  73.40
   12   795  87.1083  30.8067  73.15
   13   796  87.0977  30.8067  72.97
   14   959  87.0917  30.8032  72.62
   15   975  87.1173  30.7783  73.56
   16   980  87.1198  30.7663  73.02
   17   1002  87.1218  30.7618  73.85
   18   1003  87.1202  30.7535  73.73
   19   1004  87.1158  30.75  73.42
   20   1008  87.1038  30.7423  73.15
data_type = OBS
Ates, Florida
    0   564  86.8713  30.8053  65.57
    1   643  86.9517  30.8083  67.45
    2   644  86.9527  30.8022  67.36
    3   645  86.9333  30.8067  67.03
    4   648  86.9292  30.804  66.71
    5   649  86.9207  30.8027  66.28
    6   650  86.9098  30.8025  66.01
    7   702  87.0645  30.8073  71.62
    8   711  87.009  30.808  69.43
    9   714  87.0047  30.8058  69.35
   10   793  87.1208  30.8072  73.58
   11   794  87.1137  30.807  73.40
   12   795  87.1083  30.8067  73.15
   13   796  87.0977  30.8067  72.97
   14   959  87.0917  30.8032  72.62
   15   975  87.1173  30.7783  73.56
   16   980  87.1198  30.7663  73.02
   17   1002  87.1218  30.7618  73.85
   18   1003  87.1202  30.7535  73.73
   19   1004  87.1158  30.75  73.42
   20   1008  87.1038  30.7423  73.15
data_type = FIT 9
Ates, Florida
    0   564  86.8713  30.8053  65.57  65.66  -0.09
    1   643  86.9517  30.8083  67.45  67.87  -0.42
    2   644  86.9527  30.8022  67.36  67.63  -0.27
    3   645  86.9333  30.8067  67.03  66.86  0.17
    4   648  86.9292  30.804  66.71  66.58  0.13
    5   649  86.9207  30.8027  66.28  66.15  0.13
    6   650  86.9098  30.8025  66.01  65.71  0.30
    7   702  87.0645  30.8073  71.62  71.60  0.02
    8   711  87.009  30.808  69.43  69.60  -0.17
    9   714  87.0047  30.8058  69.35  69.28  0.07
   10   793  87.1208  30.8072  73.58  73.50  0.08
   11   794  87.1137  30.807  73.40  73.42  -0.02
   12   795  87.1083  30.8067  73.15  73.31  -0.16
   13   796  87.0977  30.8067  72.97  73.01  -0.04
   14   959  87.0917  30.8032  72.62  72.66  -0.04
   15   975  87.1173  30.7783  73.56  73.42  0.14
   16   980  87.1198  30.7663  73.02  73.48  -0.46
   17   1002  87.1218  30.7618  73.85  73.50  0.35
   18   1003  87.1202  30.7535  73.73  73.57  0.16
   19   1004  87.1158  30.75  73.42  73.53  -0.11
   20   1008  87.1038  30.7423  73.15  73.17  -0.02
data_type = RESID 3
Ates, Florida
    0   564  86.8713  30.8053  65.57  65.30  0.27
    1   643  86.9517  30.8083  67.45  66.99  0.46
    2   644  86.9527  30.8022  67.36  67.00  0.36
    3   645  86.9333  30.8067  67.03  66.39  0.64
    4   648  86.9292  30.804  66.71  66.25  0.46
    5   649  86.9207  30.8027  66.28  66.00  0.28
    6   650  86.9098  30.8025  66.01  65.74  0.27
    7   702  87.0645  30.8073  71.62  71.45  0.17
    8   711  87.009  30.808  69.43  69.25  0.18
    9   714  87.0047  30.8058  69.35  69.08  0.27
   10   793  87.1208  30.8072  73.58  72.93  0.65
   11   794  87.1137  30.807  73.40  72.82  0.58
   12   795  87.1083  30.8067  73.15  72.73  0.42
   13   796  87.0977  30.8067  72.97  72.48  0.49
   14   959  87.0917  30.8032  72.62  72.44  0.18
   15   975  87.1173  30.7783  73.56  73.76  -0.20
   16   980  87.1198  30.7663  73.02  73.99  -0.97
   17   1002  87.1218  30.7618  73.85  74.08  -0.23
   18   1003  87.1202  30.7535  73.73  74.04  -0.31
   19   1004  87.1158  30.75  73.42  73.88  -0.46
   20   1008  87.1038  30.7423  73.15  73.35  -0.20
data_type = RESID 3
Ates, Florida
    0   564  86.8713  30.8053  65.57  65.30  0.27
    1   643  86.9517  30.8083  67.45  66.99  0.46
    2   644  86.9527  30.8022  67.36  67.00  0.36
    3   645  86.9333  30.8067  67.03  66.39  0.64
    4   648  86.9292  30.804  66.71  66.25  0.46
    5   649  86.9207  30.8027  66.28  66.00  0.28
    6   650  86.9098  30.8025  66.01  65.74  0.27
    7   702  87.0645  30.8073  71.62  71.45  0.17
    8   711  87.009  30.808  69.43  69.25  0.18
    9   714  87.0047  30.8058  69.35  69.08  0.27
   10   793  87.1208  30.8072  73.58  72.93  0.65
   11   794  87.1137  30.807  73.40  72.82  0.58
   12   795  87.1083  30.8067  73.15  72.73  0.42
   13   796  87.0977  30.8067  72.97  72.48  0.49
   14   959  87.0917  30.8032  72.62  72.44  0.18
   15   975  87.1173  30.7783  73.56  73.76  -0.20
   16   980  87.1198  30.7663  73.02  73.99  -0.97
   17   1002  87.1218  30.7618  73.85  74.08  -0.23
   18   1003  87.1202  30.7535  73.73  74.04  -0.31
   19   1004  87.1158  30.75  73.42  73.88  -0.46
   20   1008  87.1038  30.7423  73.15  73.35  -0.20
